0.12500000
0.10937500
0.10156250
0.06250000
0.10156250
0.07812500
0.13281250
0.09375000
0.08593750
0.10937500
0.10937500
0.04687500
0.11718750
0.11718750
0.08593750
0.06250000
0.10156250
0.13281250
0.08593750
0.14843750
0.13281250
0.05468750
0.07812500
0.14843750
0.11718750
0.10156250
0.10156250
0.12500000
0.14062500
0.08593750
0.05468750
0.10937500
0.12500000
0.07812500
0.10156250
0.07812500
0.08593750
0.08593750
0.10937500
0.09375000
0.11718750
0.08593750
0.03906250
0.11718750
0.08593750
0.10937500
0.10156250
0.11718750
0.09375000
0.07812500
0.08593750
0.12500000
0.06250000
0.11718750
0.10937500
0.07031250
0.08593750
0.11718750
0.10156250
0.06250000
0.10937500
0.08593750
0.07812500
0.07812500
0.09375000
0.12500000
0.10156250
0.09375000
0.10156250
0.08593750
0.10937500
0.07812500
0.11718750
0.09375000
0.13281250
0.10156250
0.08593750
0.09375000
0.08593750
0.09375000
0.05468750
0.10156250
0.10156250
0.10156250
0.08593750
0.10156250
0.09375000
0.07812500
0.10937500
0.14062500
0.07031250
0.08593750
0.08593750
0.11718750
0.10937500
0.10156250
0.10156250
0.13281250
0.11718750
0.04687500
0.07031250
0.10156250
0.09375000
0.13281250
0.05468750
0.10937500
0.16406250
0.11718750
0.14062500
0.13281250
0.05468750
0.12500000
0.10937500
0.12500000
0.14062500
0.07031250
0.07031250
0.07812500
0.08593750
0.11718750
0.12500000
0.05468750
0.08593750
0.14062500
0.08593750
0.08593750
0.07812500
0.10937500
0.06250000
0.10156250
0.10156250
0.12500000
0.08593750
0.09375000
0.09375000
0.08593750
0.07812500
0.08593750
0.07031250
0.09375000
0.13281250
0.10156250
0.08593750
0.10156250
0.05468750
0.06250000
0.15625000
0.07812500
0.06250000
0.13281250
0.11718750
0.07812500
0.08593750
0.07812500
0.14843750
0.05468750
0.07031250
0.10937500
0.07031250
0.09375000
0.07031250
0.12500000
0.09375000
0.12500000
0.07031250
0.10937500
0.12500000
0.10937500
0.09375000
0.11718750
0.07031250
0.04687500
0.07812500
0.13281250
0.12500000
0.11718750
0.07031250
0.07812500
0.12500000
0.07812500
0.13281250
0.07812500
0.10156250
0.07031250
0.10156250
0.11718750
0.10156250
0.08593750
0.08593750
0.09375000
0.12500000
0.08593750
0.11718750
0.07812500
0.11718750
0.08593750
0.13281250
0.08593750
0.11718750
0.09375000
0.13281250
0.08593750
0.10937500
0.08593750
0.10156250
0.10937500
0.11718750
0.07031250
0.12500000
0.08593750
0.07812500
0.08593750
0.16406250
0.10156250
0.07031250
0.07812500
0.10937500
0.07812500
0.10937500
0.09375000
0.11718750
0.12500000
0.10937500
0.06250000
0.05468750
0.06250000
0.09375000
0.10156250
0.14843750
0.12500000
0.10156250
0.11718750
0.15625000
0.09375000
0.13281250
0.11718750
0.07031250
0.09375000
0.12500000
0.10156250
0.10156250
0.13281250
0.07031250
0.08593750
0.08593750
0.01562500
0.08593750
0.07812500
0.07031250
0.15625000
0.08593750
0.09375000
0.08593750
0.12500000
0.11718750
0.10156250
0.10937500
0.11718750
0.07031250
0.10937500
0.07812500
0.07031250
0.11718750
0.05468750
0.07031250
0.05468750
0.12500000
0.12500000
0.11718750
0.08593750
0.08593750
0.14062500
0.09375000
0.14843750
0.05468750
0.07031250
0.13281250
0.09375000
0.10937500
0.10156250
0.09375000
0.08593750
0.14062500
0.05468750
0.14062500
0.07812500
0.10937500
0.07031250
0.12500000
0.07812500
0.10156250
0.11718750
0.07031250
0.14062500
0.12500000
0.10156250
0.07812500
0.07031250
0.12500000
0.11718750
0.13281250
0.07812500
0.10156250
0.07812500
0.12500000
0.06250000
0.13281250
0.10156250
0.13281250
0.07812500
0.10937500
0.10937500
0.10937500
0.10937500
0.07031250
0.13281250
0.11718750
0.11718750
0.10156250
0.11718750
0.09375000
0.07031250
0.07031250
0.10937500
0.09375000
0.11718750
0.10156250
0.07031250
0.05468750
0.08593750
0.10156250
0.09375000
0.07031250
0.08593750
0.11718750
0.12500000
0.10937500
0.11718750
0.06250000
0.09375000
0.04687500
0.09375000
0.12500000
0.10156250
0.10156250
0.12500000
0.09375000
0.14062500
0.16406250
0.12500000
0.08593750
0.11718750
0.15625000
0.04687500
0.17968750
0.11718750
0.09375000
0.05468750
0.10156250
0.08593750
0.11718750
0.15625000
0.10937500
0.10937500
0.10156250
0.14062500
0.09375000
0.14062500
0.12500000
0.07031250
0.04687500
0.10156250
0.10156250
0.10156250
0.09375000
0.11718750
0.08593750
0.09375000
0.08593750
0.14062500
0.08593750
0.07812500
0.07812500
0.06250000
0.08593750
0.07812500
0.07031250
0.03906250
0.10156250
0.09375000
0.07812500
0.11718750
0.07812500
0.10156250
0.10937500
0.06250000
0.05468750
0.07812500
0.03906250
0.08593750
0.09375000
0.12500000
0.06250000
0.10937500
0.09375000
0.11718750
0.07812500
0.06250000
0.09375000
0.07812500
0.08593750
0.07812500
0.06250000
0.10937500
0.07031250
0.11718750
0.13281250
0.10156250
0.07812500
0.10937500
0.09375000
0.09375000
0.10937500
0.09375000
0.10156250
0.10156250
0.10937500
0.07812500
0.04687500
0.07812500
0.10156250
0.10156250
0.10937500
0.08593750
0.15625000
0.17968750
0.08593750
0.08593750
0.06250000
0.14062500
0.11718750
0.07031250
0.11718750
0.10937500
0.07812500
0.09375000
0.10156250
0.09375000
0.10156250
0.06250000
0.17187500
0.07812500
0.10937500
0.11718750
0.14843750
0.08593750
0.07812500
0.13281250
0.07812500
0.07031250
0.13281250
0.10937500
0.07812500
0.10156250
0.14062500
0.12500000
0.11718750
0.14062500
0.12500000
