31.08184814
30.96057701
30.90001297
13.12940216
17.40418243
16.11151695
12.77970028
12.20502567
12.96323586
11.65109158
13.47968483
11.36950588
11.06860447
11.43885612
10.36842346
10.75083160
10.06140041
9.43000603
9.63212681
9.15941238
9.30326366
8.52221107
8.97766685
8.09749794
8.07228661
8.28082180
7.56776285
7.81460762
7.54193068
28.94625092
28.71375084
28.43460846
28.58038521
28.74976921
27.62380409
24.69705582
21.20744324
14.94938660
12.96288204
10.75507259
10.65967846
12.27422619
17.53074646
15.81842709
13.09054470
11.66539288
13.16166592
14.06169319
14.93367195
13.59565830
12.01301384
11.09814167
11.96021938
12.72038364
11.91956615
10.95360756
10.95953655
11.08307266
10.58941364
10.85399914
12.25641060
11.60443115
11.27306080
11.60448074
11.73883629
11.17993832
11.44871426
12.55059433
11.69295406
10.38868237
12.01426792
10.95030117
10.61425877
11.64939785
10.64323711
11.23494434
11.02912903
11.07861614
11.81693077
10.97733879
10.85453129
10.20625019
10.36564445
11.89533710
11.16062069
11.46358490
12.55602074
10.60964680
10.23858452
10.24225235
11.62778187
11.64573002
11.33636093
10.25782299
10.25572586
12.08056736
11.77574635
10.73545074
18.59442711
11.06202507
12.16727829
12.78069687
13.62511158
12.55235100
11.42747593
11.27431679
11.13379192
10.77145100
10.37514114
10.23858452
11.45322514
10.23858452
10.23858452
11.17597866
10.72633648
11.01082230
10.70269203
11.23901749
10.50222969
10.30485439
10.30485439
11.09481525
10.76467705
10.80167294
10.27161217
10.23858452
10.49812508
10.96634865
10.81990528
10.55173779
10.30485439
10.30485439
10.71029186
10.84696579
10.44387054
10.61758327
10.31136799
10.33732033
10.23858452
10.44661236
11.37901211
11.64319420
10.25875950
10.23556137
10.23182297
10.38227463
12.08538246
12.00806808
10.23836422
10.26344681
10.23836422
11.23482800
10.77222729
10.27514076
10.26764107
10.26741982
11.38533020
11.20277309
10.23858452
10.23369217
10.23182297
10.43348694
11.11967754
11.79419231
11.95604801
11.34260464
10.27552223
10.97479820
10.65416718
11.18156242
10.24479485
10.35342693
10.28228664
11.54378033
11.53459644
11.17451763
10.26648140
10.03344059
11.42304325
14.06766510
10.07893658
10.36505032
11.21200562
11.56905174
10.73344040
10.89921379
10.03388500
10.41474819
10.34453678
10.63584137
10.61778355
11.11012077
11.17875767
10.18610859
10.47512054
10.74995995
10.33307934
10.39922428
10.49425602
10.23858452
10.26764107
10.30527210
11.87659264
10.40896893
10.42973804
10.35366917
10.30611992
10.21973801
12.06722260
10.45920372
10.29679489
10.23929024
10.21037674
10.47063541
10.32603836
10.36270142
10.61965752
10.06580639
10.08539677
10.11057663
10.38810253
11.73059654
10.22223759
10.11057663
10.03094864
10.66240883
10.32693577
10.23962021
10.21251965
10.35555458
10.32607174
10.18673897
10.22620583
10.08280182
10.98074627
10.89081573
10.20255280
10.28061676
10.50907230
10.10709476
10.41860962
10.54372025
10.41400242
10.63943577
10.40083408
10.28113937
10.85689354
10.82467651
10.49751186
10.44714642
10.36620998
11.04907322
11.03216457
10.84521675
10.39279175
10.23441505
10.03562069
10.11024189
10.67322063
10.12329674
10.20697403
10.02060890
10.25133705
10.21930408
10.12998962
10.26819515
10.25265217
10.19479465
10.26239014
10.18442631
10.63923740
10.17716694
10.03281784
10.09838295
10.12730694
10.08063698
10.00011063
10.09370995
10.19471741
10.17052460
10.13202667
10.02106094
10.11673355
10.21293163
10.43879795
10.42663765
10.43073750
10.42081642
10.18950939
10.06007767
10.18785954
10.04162025
10.03585243
10.07112122
10.07580376
10.15411663
10.07882023
10.15049267
10.12993336
10.17392826
10.08580685
10.10754108
10.17976856
10.12816525
10.08705425
10.30583572
10.22430420
10.21614742
10.32030773
10.18510056
10.25778675
10.18793201
10.04062557
10.08580685
10.12816525
10.11147499
10.01001835
10.05123043
10.18131065
10.54198074
10.15757656
10.18785286
10.25447273
9.99630260
10.15411663
10.06961727
10.04979897
10.06370926
10.31412888
10.37927532
10.15916538
9.99917316
10.11057663
10.08691502
10.11896133
10.07771111
10.12534046
10.28140545
10.10898304
10.07931137
10.17163277
10.15111923
10.20043373
10.17251778
10.02836704
10.21281242
10.11784554
10.15094757
10.03735924
10.06217861
10.03685760
10.16882610
10.08671570
10.05587864
10.10878181
10.08580685
10.10754108
10.10828018
10.01686096
10.22676373
10.15966606
10.23302841
10.12190533
10.08338070
10.16946697
10.10864925
10.07239723
10.08273697
10.08273697
10.03133965
10.12094784
9.96546459
10.16242981
10.17251778
10.56246471
10.16077137
10.03952026
10.14180470
10.23880672
10.22382832
10.14676476
10.09833622
10.09301662
10.07245731
10.04272556
10.04586983
10.28138065
10.06628990
10.04677391
10.17692184
10.12822533
9.98602295
10.20188904
10.09699631
10.30940056
10.28185272
10.31234074
10.07219791
10.10870934
10.26403713
10.34430218
10.33395290
10.20189667
10.09301662
10.08580685
10.06889057
10.06628990
10.20055676
10.41982174
10.19868374
10.39383030
10.20483303
10.08957958
10.07771111
10.08063698
10.12927341
10.14989948
10.14120770
10.05189896
10.17315102
10.01853752
10.61316299
10.30533218
10.64171410
10.31059074
10.15624523
10.12730694
10.01009083
10.16715240
10.38704777
10.11666679
10.07853699
10.02310085
10.11785316
10.10119534
10.24404907
9.97731113
10.12826538
10.27384472
10.19868374
10.03665638
10.13601303
10.29707623
10.17532158
10.21129417
10.11357594
10.07245731
10.02924061
10.12534046
9.98602295
10.12136269
10.11574554
10.14262390
11.01139450
10.09722805
10.03344059
10.06217861
10.24721718
10.41578674
10.44486332
10.11896133
10.16287136
9.99917603
10.24727821
10.16264057
10.04979897
10.16021156
10.03133965
10.24233246
